787
348
7616
3606
535
4995
4137
4179
891
8058
4538
833
4571
25
1174
116
9319
6880
3513
3948
5840
9400
1548
2734
4935
7512
4797
924
485
1326
1589
5662
298
480
1048
2688
7959
271
2731
6448
5532
2575
9062
5518
4206
3422
2100
9282
7444
15
1688
1709
3930
2222
5358
1695
5489
1795
5389
1932
192
3627
4184
1334
2988
5999
6458
2542
415
1752
7990
6589
2869
389
3072
7546
3425
5744
1186
2496
3963
1820
4630
2237
1073
5777
1588
8611
985
1873
2809
111
6858
5162
2539
3149
5131
9297
7741
5995
6410
5975
6187
9975
4850
3763
6710
1814
4781
8826
3786
1808
9852
3503
694
9173
9567
3793
505
6132
1852
7334
8729
1662
5730
4895
5360
171
309
5747
2119
3493
7053
8743
4361
9721
463
8496
3903
7982
1468
8657
8983
4426
6259
7
673
4801
2341
4091
5296
1081
5910
344
4919
8862
2791
4713
7020
8083
5337
3067
9007
7592
1989
5610
3636
4146
4141
971
8345
6004
4133
5981
2363
9
6431
9450
1019
4436
2754
1896
1910
3339
2018
3129
3997
3006
18
6430
1926
5456
1055
5151
7765
1780
3409
9594
5790
5211
8231
407
493
7528
2480
7160
9156
2765
1916
2807
1719
7345
6447
6854
8523
2981
9870
67
1768
5671
3108
6158
3359
9225
8340
6927
3261
5625
1620
3161
7759
1745
2052
4159
4499
775
5010
6687
915
1851
5034
3288
631
710
8411
6965
8584
7648
9485
1958
1715
7119
1938
857
4246
6000
5326
8758
8095
13
9226
5676
3905
4718
6025
9873
9075
6305
9096
3932
6732
1508
845
1643
2568
160
2139
8310
1545
2963
8434
677
7100
8180
5648
1949
3291
4410
2287
8182
96
1203
108
435
4824
2524
9588
4301
8624
4532
5884
2935
6402
398
3735
8838
3296
4465
2439
1986
2721
2933
9554
1925
8872
1854
3668
7834
2977
5094
6689
9563
7858
4211
2022
2661
1798
2902
9416
640
1845
1347
7523
224
1135
4625
2251
2135
7819
3376
1939
1542
8076
2390
8441
4259
3057
2873
537
1451
1474
9824
757
1786
9321
6461
6887
1100
5237
1213
4428
9894
7685
781
8952
1099
8457
2410
4117
2400
790
1285
235
6660
633
4078
1014
510
4968
4463
8197
7421
8245
6862
7594
7063
4931
6376
5281
6263
6644
2834
3853
2651
382
8318
6945
97
4081
1708
9863
4402
8273
892
7949
495
3253
7580
720
2780
3856
6944
4488
2938
394
8420
6542
6236
1531
43
8642
4459
836
7691
119
9686
6768
9324
2120
925
1476
9941
7802
621
9244
3516
4523
6852
6949
74
2909
6942
5798
6857
5953
8651
1084
9219
9337
1911
4753
1987
860
5270
2433
6226
7330
8388
8739
786
5721
1963
75
9055
970
3111
6900
5774
7476
8922
7651
1817
550
1506
9488
9958
380
2946
436
7801
8421
4746
6466
4357
2534
744
7184
3670
569
6459
5978
1743
4239
2851
2143
8623
2557
9720
2969
7857
9949
1735
5070
4886
783
2551
4278
1390
3765
8622
711
7182
2525
7768
6957
6954
3629
3599
3138
8850
7430
2686
9272
1120
7032
6601
719
7752
4398
4007
4112
1443
9217
2808
993
3342
6560
6396
8809
1479
1880
2881
534
4269
3772
2231
3172
9153
2359
6987
3380
3543
8569
1295
1646
8910
7521
8193
8343
4039
4580
4932
7992
3367
6065
1712
6460
4097
2121
3126
1975
3396
3088
8875
9250
5558
331
3077
6988
4591
555
8138
5200
1864
627
9443
1765
1325
2704
1473
364
2627
2900
811
3557
1095
8416
5653
826
637
9621
2074
6895
656
2339
2948
5576
5103
9451
8663
7666
9607
7787
4372
4477
7851
8561
5394
6761
6762
4358
7500
27
1897
1345
996
3483
6484
6062
4603
7278
4067
1292
8823
2088
7003
379
2729
2711
9163
5013
4957
8381
9469
1619
5466
1251
2923
9381
9411
62
7481
301
4726
1282
8140
9601
1083
531
4380
1779
5198
1262
6663
4265
2343
9959
1050
8858
8989
2787
9653
7361
2893
3938
746
4294
4828
1615
1836
8742
1885
3580
2136
3383
1461
445
6829
1068
5732
9961
2243
7286
4697
7187
6490
3654
9207
2810
1760
4587
893
5003
2205
5947
4340
8257
8077
7499
8204
2212
1879
912
785
8430
2656
1866
3777
7320
3097
4098
1286
885
2142
853
7170
2926
4258
5447
122
4812
9825
1394
6630
5920
7148
3993
9144
3169
984
2137
8422
1270
797
1143
4504
4865
4650
2799
3189
9688
8339
8545
2632
1632
8500
5961
6747
3407
5726
6604
3959
4616
9885
931
5107
8007
7625
4193
9143
6918
7660
2130
2001
6657
2138
6472
4510
9512
6734
6939
5089
8818
729
5818
8645
5130
1918
4884
7837
2586
1947
3411
6903
8298
2499
2972
5024
2588
125
697
642
3621
2203
8493
6625
1445
8566
3581
4161
3092
4132
9927
6327
4466
8509
4959
1791
8044
3039
1707
5490
73
1792
506
6286
2513
4993
3333
1656
5329
2608
2293
3084
1582
5649
3458
7167
1835
2225
4083
6785
8635
1148
236
4108
9713
1751
2152
8574
4158
6328
3217
7762
9611
6692
1418
2115
5912
2419
5706
4219
6646
170
3215
17
861
3805
3962
4780
3362
5664
5222
7540
1750
7172
3080
2104
846
472
3633
5009
1091
6890
4144
1209
7559
6128
3171
2324
7462
3150
3117
7794
4815
5445
3964
5306
9704
4508
7897
3794
7026
4922
8179
1502
1943
888
8726
9374
3574
1395
5654
5534
3016
934
7722
543
6912
7380
1599
841
7256
3937
7505
427
1503
9289
2594
1770
3514
5497
9357
2025
5380
2412
4665
9829
5305
5681
6540
3351
2673
834
6963
1116
1613
3216
8295
3145
5919
9649
2647
9064
4373
5885
6182
9218
6968
2978
3780
1153
8163
7062
1870
4166
9048
2078
138
6433
838
9005
369
4015
8672
6115
8638
2006
4775
9699
5782
221
2298
8425
1305
3075
7409
5921
2057
5553
4467
1971
7611
7050
5382
8763
2109
358
2010
5391
9466
2633
5140
1634
7306
7372
2590
7791
7689
6780
353
9804
5825
3597
8190
6224
2646
7714
1005
9898
5071
5474
3190
2424
3647
2240
5842
7612
6183
8721
5714
6033
1376
4646
3287
1011
2195
5976
1912
5072
3840
5008
2818
8463
2380
7158
8555
5113
5965
2360
6160
4167
5849
3175
8435
8600
3919
7705
9167
3617
6196
2415
5586
9993
6684
7838
5788
7025
2730
9391
4512
3424
9529
3265
2167
5311
3240
7110
6387
1594
2474
9566
4439
3434
5440
6066
8816
2997
5601
9116
5615
6340
139
1361
561
723
85
8266
4979
4808
1717
2094
6388
5403
151
7491
7809
5146
2637
5834
6688
8476
2985
1683
7381
5485
7094
1415
529
3901
4228
588
243
5472
5502
668
2796
142
6228
7758
9926
3116
9662
7861
678
5269
4876
4900
6341
1397
6013
9520
7410
6417
453
3535
3512
3222
1713
6555
6155
7605
3125
2069
4226
9673
2515
4309
260
9368
3469
9969
2180
801
3115
7646
5118
4734
6112
768
2773
6933
858
3480
152
5397
4997
9013
3010
6217
3575
2861
4092
6006
4020
7898
1432
4589
7312
6796
4547
5090
1591
2576
7144
6745
2645
5086
3940
6914
1488
4427
3933
2477
3091
5420
5182
1470
2885
5267
3165
5368
3479
1224
5475
7274
1617
6290
7249
5556
4263
2932
1272
8116
4535
1408
554
2865
752
2198
2133
2466
2047
7269
2687
3387
3352
1641
1778
2358
9635
7882
7423
851
5740
3243
7086
9862
5751
871
3323
8671
229
1825
9935
2691
6838
8341
5350
527
2863
6756
4298
5956
9103
2037
2508
1154
5701
2418
7233
2402
1370
5150
7264
9906
5136
7169
9248
8194
8491
7896
1727
1657
1128
8521
483
6623
8821
4911
6619
7075
3068
9192
4010
2461
6853
1904
2140
904
470
7428
36
9095
7686
2044
5405
3896
6374
4800
4899
9965
6524
1478
2318
1965
8479
825
4615
318
8680
587
4679
7463
8828
3005
1883
4200
5290
9700
5692
3195
9615
9503
3665
1893
6089
9527
4883
8702
1900
5320
8217
1312
8527
3297
7412
9302
1491
4787
2267
1192
1782
8575
4572
2723
164
3431
2771
6425
2874
6081
2867
7017
2812
8059
1411
6249
3974
3226
5309
8469
1164
5216
9540
1654
3536
4782
7730
7635
1640
4631
9725
9235
9859
6878
3818
5583
6941
5515
1860
4936
245
168
2112
417
3555
2919
4820
5413
7490
577
9470
475
9737
206
287
7190
1410
4988
7089
2871
606
2264
9528
6707
8446
6044
1510
9178
8737
940
3464
3101
304
9956
5895
1205
7198
1606
1077
6666
7566
5837
5235
9239
6005
8376
629
2580
7106
6735
1481
2173
8280
9954
4757
5770
7964
2129
3036
5351
2193
3811
3056
4064
2066
5218
1769
3637
3410
4321
4667
3013
6313
954
3653
7273
4432
2611
6117
596
8942
9929
8987
4501
55
1876
5544
4853
8028
5655
5820
9477
5219
1573
2313
5851
4404
1289
2962
6456
6223
9061
4115
4819
4485
9422
4469
7323
5259
1505
3931
6795
5242
5839
6822
1857
4107
8265
6682
3596
4086
7291
4393
9189
7066
8431
3625
6265
210
876
986
9767
4001
1204
4176
7961
1659
5300
9279
1200
514
219
137
9692
8955
8150
2058
8884
343
4551
6817
9776
9065
4524
5998
8294
7164
4355
8128
2795
5436
7674
2769
1966
6159
5007
6491
6574
5280
9171
6724
2984
1223
9258
1710
4481
6237
7643
3881
9714
9487
7002
4157
8866
4244
4590
3327
8117
5892
5934
4168
4545
9003
2201
6686
4764
3184
2945
3981
4454
8934
1726
2441
7684
2925
4377
3233
5828
6655
7855
5591
4175
1377
4540
2305
1426
4500
3902
9584
1927
2107
8453
5355
7092
5256
6725
758
3775
3863
5651
6284
5575
82
3819
5937
6577
9204
1638
6985
4861
3671
4300
7295
6008
7696
9060
3844
8218
1228
1957
7677
2158
1696
1178
8356
9170
8428
8956
4215
3121
8450
282
3000
5031
4124
2606
2931
3421
2422
6009
4699
376
319
8227
8949
6114
7988
3650
4858
1280
2700
8145
4027
2478
3193
2200
8159
6976
6790
7647
6860
3969
2904
3157
6738
2355
5448
4183
6872
9792
5156
8304
497
6189
4392
2277
4662
1236
7280
657
4593
7881
3669
6354
5431
1721
4817
3561
5638
2202
3229
5940
956
2976
3451
7262
7774
2445
599
9942
3247
231
9867
3641
1564
1393
9160
4201
498
3567
1998
4779
5322
7374
3139
901
3552
432
2183
3745
3348
3258
4143
8947
4104
2292
4706
2131
3432
4879
2459
2593
7761
7103
2273
8126
7467
9318
4046
1767
217
6820
9650
1008
5783
9006
4606
913
4484
2774
5206
4696
9872
5735
2693
591
6392
3475
395
3547
8185
4221
3925
4556
1217
5044
3429
3851
3704
7956
3727
2087
6590
1577
63
350
8519
3779
4252
6207
4302
1182
178
7921
6629
6804
4694
4094
9009
9819
2398
889
5722
8344
2713
9307
9476
1741
9689
7201
1941
3996
462
1813
5160
1733
8212
7265
1728
1250
4716
1956
8141
2254
6367
6051
6003
6278
5347
7501
6779
4337
7831
6131
6076
3103
1884
8061
7038
2383
3571
8112
1994
9255
3337
6651
2858
8573
6350
2423
7049
1069
8296
3861
3269
777
2956
2550
6486
2259
8040
7820
5810
6205
8427
907
8303
2492
1905
7044
9645
8880
3485
8715
2262
7513
2850
4840
2968
1040
8513
1275
3912
8259
3821
2020
6981
4765
1001
2213
4445
2618
4684
4332
4032
6670
5622
3427
1705
7545
8490
2699
1362
3528
5533
2164
4474
4222
4177
1269
2011
4680
6519
2148
5545
6142
2065
1682
2344
3206
5204
2311
4207
4674
5169
743
7617
8481
2609
296
256
839
4422
763
3566
323
6653
9835
1342
890
5463
3237
8200
2894
2301
6559
8581
7532
2337
3582
2154
251
3249
8019
4261
6971
9081
4573
7669
6776
8744
8705
3638
2278
7884
728
6462
240
5570
9979
1160
2486
8147
2376
5850
1527
3123
6171
4682
2562
7240
3998
5348
760
6728
8928
9238
5736
2023
9577
5741
6045
1124
2145
9669
8222
1537
3508
4387
3551
7999
3858
1557
7422
8205
1279
290
1168
9164
7250
4113
3657
5766
8005
4069
3764
2642
7432
2252
6723
6528
2564
5116
9069
3187
2401
3589
2223
8008
2326
6428
4492
4232
9229
209
7597
459
3830
4766
6177
2563
5145
6449
2007
2325
9665
5186
9184
6437
7899
1261
2888
3453
6836
6961
7664
8685
2043
9989
3768
8641
6607
2830
4543
6343
9397
8804
5099
7694
795
1037
8048
5863
1462
7785
460
9536
39
7526
6440
1679
4352
7308
4579
8710
2628
5234
3301
204
250
700
7394
2333
2375
3289
650
6370
5415
198
7952
4709
9998
3717
5342
1797
1165
780
9936
873
3034
8157
6995
4038
9410
3530
1535
69
2718
5946
6419
9499
4172
2082
2749
9405
2296
8378
9599
8247
373
2126
6741
3106
791
7008
4683
992
3690
4999
5098
8385
3445
8543
8556
8066
5990
2860
9107
4871
8020
3971
3651
5264
9220
5633
4539
12
9674
6594
7987
7520
595
4247
3684
9257
3837
4156
3956
2
5365
413
6772
5096
3995
3939
8577
4266
6478
6296
9999
8673
7176
5980
107
5858
7579
2855
7191
679
3761
576
6348
185
5587
9937
9008
503
7652
1438
2884
1995
7692
3290
5176
1815
4521
9301
5846
8659
5832
9938
7243
2457
3331
4939
1849
5378
8906
9675
207
7377
9111
7070
2110
5075
5240
9795
6541
6763
7199
635
7252
9035
508
2348
30
2883
359
6702
2427
2760
5503
311
1996
2614
7036
2797
5402
5106
3708
3737
1628
3584
1790
3693
5916
9283
7398
5316
9328
239
3983
2636
8442
5437
1324
5693
8074
2601
5802
8650
9691
487
767
2280
6970
3363
6252
3335
3083
7917
4066
1308
1400
9015
3833
4641
975
2681
4750
5582
4829
6099
6041
1385
8661
130
1299
1737
4533
5675
619
998
3024
9886
6453
3563
881
9726
467
3266
4864
3159
1147
6255
8907
5400
1482
2367
872
5731
2220
9801
2340
8351
9393
346
4346
6882
3252
490
5174
3273
6357
1983
7798
2067
6230
9817
3857
7641
7149
3523
8215
6865
1301
7631
377
5611
3759
7488
4489
6650
6704
947
1888
2848
8590
7812
7575
3146
5083
4139
7104
2217
6471
2429
8678
6658
8234
7461
5889
7496
2914
1357
479
7707
29
338
3722
4952
5333
1416
789
8740
5687
2268
3257
3991
6424
6355
5250
8
7281
275
1330
6597
6347
8991
7134
6563
6218
4803
6450
3914
5915
900
1131
9846
1946
5755
6034
8684
7395
9370
5354
6135
5074
7599
8986
1364
6406
5303
1516
135
372
8712
3920
2961
9751
3527
1323
4496
6356
4740
4305
2623
1749
3918
1239
4736
764
731
3828
8377
1187
3447
4118
8160
6320
725
8810
5102
3388
8135
228
2947
7058
9838
1414
4273
8864
9743
1763
7194
1614
1242
2284
4743
8549
8001
9496
3680
4028
4312
6400
7358
2924
2597
5562
4208
4403
703
2682
4702
443
4536
4339
7446
3510
9504
9812
126
1258
8774
671
6251
9000
3110
5893
4495
5386
991
8606
4784
990
2572
6188
8228
7745
7518
9481
4592
3952
8570
7307
7536
1058
28
5332
6516
6729
1587
3585
5129
5199
2635
1521
5996
8292
2616
199
4129
8520
3063
2967
6395
1303
3966
4705
6986
8857
1271
7288
1125
6952
3709
8414
7338
9201
3196
9483
3893
5411
66
320
1276
208
1684
4810
4983
7475
6331
6948
3035
3454
216
3838
1177
2080
4284
1401
2117
4666
3936
5854
7155
4854
1006
903
7222
9385
2491
5710
9805
1241
3460
5371
7951
7661
156
2629
773
2659
695
291
5512
6063
4659
7910
1609
3470
5334
4578
5870
7244
1206
8965
7385
8311
1982
5203
8029
9299
3186
6850
751
5282
6329
8087
5799
2549
3466
426
1248
6612
6743
3529
8439
5154
7829
2166
3910
4068
7449
819
5187
8870
4441
4505
5979
9331
1098
4660
740
828
232
7101
9352
172
1436
5454
7524
3183
1378
8961
5623
7619
793
1310
2395
4908
3207
3789
3128
4040
8604
6211
5658
2897
4643
4701
1049
7031
3860
7168
4685
322
9231
9991
7932
9712
4584
1933
8447
4342
4930
8564
3081
4030
3486
1189
5838
5897
6572
2750
6178
9266
1666
3577
1978
8052
5528
7509
4950
2095
822
589
5603
4872
5805
1023
9531
8254
8252
9444
8357
2794
585
4056
9243
2532
950
1571
9740
9031
7327
9172
8619
5318
4148
4649
815
7581
6153
7906
6893
442
9146
4954
5262
3134
8825
6840
2677
8255
6185
6176
3652
4585
8209
1913
7522
3703
8068
6532
5043
6786
2012
6926
9384
7557
4241
9158
3655
6695
7117
3231
1536
2639
8244
4216
6170
1107
6700
7968
5429
1747
5684
4629
5679
9920
4370
5409
2553
2621
404
9543
2451
4313
9552
1190
9715
1094
4799
9040
8312
218
2169
7514
6711
280
2236
8515
7902
2779
8873
9132
4577
7650
1221
1871
9966
9382
1406
6144
3178
9930
2622
4287
9729
8644
132
2013
4548
6875
4224
3598
6569
2998
4192
6464
9638
8973
8580
2248
3210
8192
8100
2698
3728
7357
2075
9043
5465
8324
2406
7287
5791
3031
9294
5453
2083
8206
7731
213
2081
223
5414
8016
1764
7966
945
724
3264
1057
2520
3416
5844
4170
1283
7856
3944
2540
4688
8528
6202
3203
72
5951
5991
5678
1373
3324
7396
7040
1772
7634
6956
7123
7983
4472
9432
8719
4371
9851
2905
6130
1475
8386
4657
5955
4944
7085
1328
14
3724
9922
8289
9962
2702
4236
5646
8708
7165
6628
3839
6526
7935
5970
2801
6640
1199
1841
8554
2665
6007
6908
2274
4955
8062
4534
3826
26
9612
9590
9628
2448
957
9134
6055
7498
2624
1002
7413
4214
5212
6571
1290
5888
8930
2295
7472
7939
5362
5517
5088
8449
7844
5821
2975
3822
7930
7068
4597
4189
4260
2168
598
7610
5272
7411
9630
7733
5869
1243
6543
750
884
7220
6546
3208
8402
4676
4151
9722
7460
3284
4737
5922
8214
1699
517
5364
4789
5053
7071
6530
2286
5417
9915
2502
3517
6074
5567
8196
5444
3452
4378
3659
4707
9909
6783
3615
870
1130
4874
249
3347
7197
2027
5422
5210
7950
7401
3268
2617
354
7596
3961
3090
995
5950
7681
964
4822
5861
4053
8992
755
7854
3104
1293
1818
9507
4109
6681
6473
1389
8467
1856
691
1997
2675
5247
3438
1229
3055
9165
8745
6771
6520
5476
9498
4145
6624
4054
2994
8618
1353
4503
4833
53
7687
6330
7224
7276
2063
5122
6167
9864
5700
2724
3276
2354
1065
3733
3457
9350
2507
1118
8183
4374
559
6294
5179
9018
8534
2204
7584
9911
9728
6442
9514
3572
8072
6426
7112
9972
5493
3955
1830
7633
1354
6599
2552
6429
1934
7057
9777
843
9731
6823
7111
5713
1529
7712
2728
3632
9122
9515
3017
5221
7404
5511
4537
4633
330
5045
8563
7386
6394
6339
7001
4896
1003
9059
6677
6165
980
1534
8898
6152
3798
4722
2211
2761
7047
1655
3854
9355
1339
439
5195
3420
8495
9395
6260
8920
6565
4062
9921
9809
9620
9336
2253
1793
8933
883
8444
9117
3895
6030
4363
3428
9533
3751
9985
5546
4473
1191
7213
7397
4025
7364
9186
3702
2473
8526
5207
4638
9427
5092
9082
5049
7296
9449
8025
4299
5375
4333
1066
9435
7107
6323
8290
8797
7078
3163
4213
8026
3135
6372
761
3037
452
9340
2817
3012
7811
6361
3867
4461
5768
5308
5340
7035
4515
1151
8213
5964
325
716
1771
4921
6737
7367
2526
9944
7217
3368
1307
49
1053
4848
9565
4604
6766
3356
1865
7680
5637
7739
3058
9802
1111
9300
2014
3375
8784
9033
7425
2397
1647
9304
3303
197
8748
3550
6238
6383
2823
4486
626
6727
805
9626
411
2042
2695
3897
1012
5157
5292
8605
2118
2091
1433
6510
7431
2921
4202
3473
3382
2560
4940
8438
6679
7673
2495
3719
5557
3556
5011
5590
3576
8531
5704
4476
1789
3405
6715
1660
8392
663
6289
6247
5040
1382
3718
9617
1833
1193
9285
592
2172
1954
829
4656
545
48
6250
3710
4975
4830
8757
5039
3280
1463
6090
5143
7688
2837
6314
6197
4972
401
2825
7552
3542
8383
4293
4612
7511
8111
3011
4114
4188
9147
8090
4420
1300
5987
3990
7479
9738
7845
6408
6027
6266
3980
349
9890
3403
4084
4851
5672
6351
8964
5891
749
5784
1785
3640
6806
6306
9404
385
3497
6248
3064
7710
8775
270
5202
4690
3714
6994
7965
7875
4326
4652
634
326
6043
1026
2334
1097
8418
7132
7997
9413
5762
5491
4322
9710
609
2425
7316
4670
5835
7360
2060
9154
7435
2114
909
779
95
2712
2859
7808
6649
7632
8409
3631
9973
6173
1413
4448
1541
2715
5574
1196
4478
7958
9759
6316
7113
5819
6643
2335
1532
965
6726
3600
2266
5266
9916
9897
3546
2051
5997
2283
1842
6977
8842
5903
8724
624
6877
8146
6169
5047
4045
2059
4397
706
7124
5579
3673
4220
3201
5167
6096
6742
699
3950
7084
9278
4087
9914
4364
2238
4338
8452
2431
7154
4890
3762
4708
6906
7771
1945
9524
979
2756
5434
5001
329
1232
8423
7151
7642
9517
6106
8237
2999
9459
5898
9747
9901
6996
5192
5899
5423
4018
6060
983
4323
8069
3876
8699
4758
8514
5287
6553
7125
6567
830
1459
22
2676
7644
3687
9766
5042
9329
930
8854
5827
451
7516
4514
182
2589
7018
7850
83
3531
428
8002
1139
3801
8786
9286
9718
7826
7126
9511
5323
6088
8362
4991
1560
5564
7757
1421
1464
4181
1457
7622
3430
4450
9490
4827
8220
4388
1387
7742
9578
6665
9211
1858
3594
8557
4100
8589
1843
9784
5994
3808
8380
3769
292
6496
5977
405
5029
1799
4703
7456
1901
3394
8300
9821
8998
8896
6134
5356
226
7238
7779
7735
7702
6120
7539
8188
6513
3689
4636
6962
3311
1288
8550
5193
692
9452
145
2846
9858
8914
8793
8940
4976
3958
7261
4836
6421
9569
403
3862
796
4384
4568
2428
7207
7289
5048
5680
6712
3070
3989
4209
2054
9458
9960
8827
6344
1509
1227
5091
3433
5080
6358
5064
6833
9063
4153
4564
2832
618
9036
3869
7366
792
5312
3707
6573
8754
8981
9709
4844
2481
4873
906
8871
1929
4328
5052
5205
5737
1612
3545
2766
6888
7215
8562
5843
8078
2405
1584
7324
6871
5461
4125
9114
1962
6802
9482
5824
9042
5016
368
6122
7118
7737
9179
7767
8314
4295
520
3713
882
1600
8876
7341
4835
425
9474
2002
7818
2108
7503
676
8373
8923
9176
6102
683
9575
4724
1976
3994
1144
1565
6733
949
1914
3400
5767
388
1924
7079
7102
3864
5911
8691
878
2706
8732
9542
978
2276
2678
7351
6001
4600
2350
4101
5387
1366
2703
622
1828
1630
6024
6633
2929
6299
572
3810
4425
3648
1152
7563
3371
429
9136
7229
279
5185
7654
3662
5754
3102
8012
278
1664
5626
9799
2792
5401
5315
2226
7427
8151
5082
4348
9904
6901
8275
7871
2995
9039
7929
1886
8506
4438
1959
4689
4723
3501
6455
8262
8134
1969
4599
8080
3050
6273
3976
8284
3033
1889
9491
4985
5584
6139
8662
1335
3459
31
2510
7414
9322
272
9198
4105
9364
3450
6923
496
5163
9070
50
3228
560
6529
7576
9406
1567
3302
4978
3099
4021
6138
4048
4479
6019
3750
8464
8966
7439
7781
2377
2743
690
146
6416
8913
4119
5065
154
6881
2680
2134
7459
2309
4381
613
1908
8419
1403
580
821
9535
8084
9271
2669
7379
7434
3716
6527
84
7147
7179
2479
2800
9647
4860
5620
6661
9655
5764
4965
6482
356
7037
2306
7825
7023
2361
3155
6588
7868
1690
4017
4076
7052
7010
4542
5233
511
1635
8448
2514
7024
9678
4315
2245
6015
6086
8756
2940
7088
2864
3180
267
7232
7152
4717
6190
7390
6685
3634
963
855
2548
5913
6940
9724
9995
9955
4190
5426
4748
611
4619
6683
2184
612
9029
600
6654
3309
8433
1804
675
8101
5406
3573
5384
8342
9694
8701
396
3332
274
255
4751
7614
2302
1738
2331
4623
5801
4217
8990
6029
3691
4809
4980
2342
9133
9403
8406
1355
9833
4964
4442
8014
8246
8322
7571
3790
5688
2260
300
6264
5817
5759
5110
6469
5055
4077
3746
2458
8042
771
2768
4691
7775
121
4286
9587
4406
832
342
5245
7228
6380
52
5789
87
3386
8328
4729
6935
1302
9593
9261
8925
3334
7506
9484
2146
3366
9014
4274
3887
7841
696
2505
4267
6470
3182
9028
10
4165
8394
6468
4120
5796
4862
5178
5609
747
8856
4419
103
8532
2312
9693
7578
4396
5660
9950
4675
6407
7493
7458
8908
3583
7150
8013
5469
9679
6017
5359
4180
473
2077
6215
3743
246
5462
4912
9994
5236
4882
2600
5924
7531
7657
6031
5696
284
2986
1627
3419
8103
397
3357
9349
5875
3758
7137
2653
9988
4745
3179
8498
8878
5524
5105
1173
9494
9810
4498
3701
7061
802
4739
9925
9387
3928
3152
9658
4544
6593
7271
1211
8139
607
898
6667
1184
8321
7996
2517
3611
8277
6947
2330
5213
8338
3441
6198
5621
9847
2612
875
7046
1277
3023
7426
5201
1877
4788
1265
264
8235
4511
6698
9652
3884
4566
1718
1848
4475
6244
7848
5507
6719
191
4598
4369
7099
4456
4760
856
7034
1430
5926
5808
6058
4601
6161
9344
2951
1903
2232
1471
3549
5962
7145
776
3609
9811
4712
3038
4761
2726
9277
5061
1259
1665
6929
3506
911
8371
1379
2303
3725
8946
7770
6830
568
8494
6037
9026
500
6824
2506
9561
8173
9696
9733
179
7587
8591
2031
6108
162
8050
1985
7365
1953
7568
2899
3372
6242
1372
1892
4826
8615
2442
6061
3014
9102
9375
7624
2747
6798
6714
2070
6751
1681
2033
8384
8121
4065
3225
5135
6819
54
6192
5251
7477
4075
575
241
6919
844
4434
8849
281
2386
1511
6179
7096
383
4451
6886
9259
1102
1010
4778
8241
1803
5020
6267
1583
3620
5742
3377
8576
9182
4885
4846
6921
183
827
8834
4645
248
9526
1759
8512
399
8999
7893
2144
1626
4520
6373
5597
2615
1214
5958
6315
2294
5108
4134
6435
2090
4198
7321
1453
516
190
9191
6337
9871
4353
1215
1030
1060
708
1465
7995
9436
7507
1297
1405
6799
2368
8270
1642
9288
2941
7246
6517
4199
9663
3883
9377
5006
4818
1274
8905
5404
914
6951
6010
3500
9434
1928
4807
6501
8929
4989
4693
5152
1247
5592
4390
7484
9057
5274
4058
1566
7967
9359
2244
1092
1320
6730
4289
6722
8226
3417
5525
9771
8305
6285
8944
1167
1071
1225
4248
9903
1466
3515
5021
594
5392
8727
8899
1045
653
7519
3488
7947
1816
9471
5719
4011
5929
5959
7368
4878
5630
1043
8098
4926
3871
4960
951
2610
1585
807
6495
1446
8698
6164
5056
9631
5159
712
6056
4000
1266
7946
4747
5530
8975
7795
5804
5336
5499
1467
7852
3533
9778
363
9180
1823
8853
7567
9834
3350
6451
7304
258
2421
2024
8085
56
3221
3381
2218
5149
5756
2336
5249
4678
3137
1437
2857
7873
7944
6842
9010
3849
578
5479
7067
6694
8697
8175
2820
8363
449
2349
489
5647
7593
8123
3449
9203
5644
2890
5566
3318
597
4642
8636
148
8327
5769
6212
4635
6147
1513
1964
1891
476
7780
5396
7743
9327
5260
6843
8634
5173
2219
4785
1775
259
8993
9284
6634
6973
766
3455
4613
6598
8694
4733
386
6620
2435
3674
9734
153
136
8127
6739
6639
7340
8099
189
3093
6480
6566
3370
9892
8771
5974
227
8474
1881
9369
7303
1951
7676
3274
7703
5635
1296
6422
2928
4949
5076
1547
5443
6318
1424
1673
7725
5057
2840
7470
7653
7628
5901
3107
4891
9883
5263
8379
4389
8054
8443
4857
2709
3985
4291
8038
3712
2003
4711
5307
546
7589
6
8688
3294
8596
3256
6302
8283
567
4029
9582
2918
5115
9440
9245
4071
8332
1522
5608
6467
2056
8360
5555
4152
9295
5500
5894
5598
44
7007
5772
147
6245
5877
5367
6645
2407
7210
9362
5209
3393
3329
3699
8287
1170
6998
2603
4271
5481
68
9670
4966
9123
9697
8223
1018
9917
4345
997
1701
1636
4526
3926
4620
4970
4494
9409
5963
7376
5543
9513
8886
4634
1134
1543
8751
8888
1195
4550
8911
2763
2125
9902
9291
1644
9195
3696
237
704
7573
6773
6434
2417
7963
9161
9656
9446
3731
5273
215
2357
8904
458
4487
8468
1756
4423
6220
5599
60
2464
4194
7591
140
2911
809
1802
3979
6757
8941
1658
5729
421
5028
9141
1480
6832
8106
4796
7993
6101
2409
2468
2605
2620
7369
4905
5760
3806
3353
4394
9268
9119
8224
7309
5938
1386
6514
5486
3935
9240
5906
9510
3868
5495
5035
2258
128
1129
4839
2329
8011
5652
9806
1490
4344
5661
3002
7255
570
6740
5703
8169
9424
4023
7830
1895
8668
8616
2485
6789
7235
4927
1519
5702
1898
7533
693
8892
6849
2073
1672
4314
4869
2151
2690
5161
562
8352
8954
5516
6671
3308
4324
5101
8859
8805
3987
7600
4769
8365
7623
61
6162
6522
7784
5324
4681
5705
6342
9519
7538
2822
6791
1661
2649
2282
7943
6717
9813
2338
1031
5943
2015
5887
5059
6631
7590
5346
3109
3389
446
2566
5139
8536
159
5239
4628
4805
5743
8648
2996
865
5677
3326
5720
7400
6191
1110
8030
9326
8656
1074
538
5441
932
715
3720
2159
6113
7970
2892
9454
1404
8546
5067
3306
1340
6866
551
5619
4197
6544
9121
7014
5531
5836
7727
1079
6672
2696
4866
5418
9702
6678
3244
2917
8640
6936
4272
3369
5786
765
3446
6148
8948
8725
2755
9461
2538
8119
4055
5504
5284
1260
5357
5435
9557
6476
6047
7554
7595
8609
5252
3379
7618
523
6052
9787
9968
2279
8096
2828
7877
5749
6557
9439
6272
7822
6071
4128
4655
1212
2101
1867
8665
982
3915
9429
2388
8689
5551
3541
7352
1540
6097
6752
268
9100
8291
5694
6201
5464
565
1146
8263
5243
7865
3223
416
6800
7257
4411
6332
8253
905
2093
2270
4049
2378
5374
3614
1773
1669
7302
8730
8413
8124
659
818
9264
3218
3275
1252
7457
8632
7453
5715
378
1412
2500
1035
2952
5645
894
734
2689
7387
9275
8603
6257
455
5155
8709
8736
8236
2362
7515
9101
9602
8354
6552
6054
1343
9836
3235
816
6293
1492
6050
3558
3435
8470
5093
9342
2561
5183
2182
6701
6511
9181
6307
4437
3679
778
8307
9038
2414
5519
5725
4365
4024
1667
686
9876
2573
8482
5969
7378
5478
3320
8164
8679
4004
5229
5745
8541
7419
5572
8516
2239
418
5780
305
4832
3316
8366
2842
1238
1051
6716
4178
5501
9373
6656
8597
948
3782
6427
5699
422
4942
9493
9854
5289
4343
6345
6827
4923
6092
8713
7326
187
5457
5408
6028
647
5779
8320
247
7777
7021
5896
1967
165
8293
2365
4552
1992
7629
5302
1846
7098
4412
9562
254
4626
5
257
2841
3739
6232
6483
6022
200
1940
4859
1868
1447
1822
7203
868
4186
6452
9183
4898
7156
7000
3890
8851
8971
289
6239
680
994
3692
8978
4417
8895
4407
3855
6548
2966
6300
5231
1449
8625
9190
9695
6523
6193
9974
4913
7504
8969
8405
566
6346
2875
4677
1501
5674
6199
3492
269
6021
5345
9408
4444
5918
9840
6844
3770
681
2991
9330
5410
2049
3192
7637
6194
5797
8136
6186
4596
6366
6399
8746
1977
9168
9130
2643
244
7766
1968
9092
4588
1546
6581
9597
4855
2803
3882
9221
867
3511
7886
233
8178
866
5514
5890
1827
5085
8501
9970
8916
852
9752
3230
1021
6960
6508
9763
6837
8796
5373
7166
433
1493
2529
4033
8115
1874
3909
8248
8666
3404
9017
1530
2856
4225
9553
8593
4961
7683
8208
5663
6363
5361
6016
1653
2745
1496
414
3032
1528
8299
6415
6504
2740
9717
7940
9345
887
3413
2149
5949
9315
9380
8462
7056
2041
112
3740
7549
9888
2489
3069
6011
5215
709
7734
2179
4268
5683
8118
2411
7331
2979
8820
2516
842
664
2882
8583
9648
1603
3314
735
4669
2970
927
3304
2950
3378
99
7598
6310
7193
4915
7640
7039
3147
8114
3397
6964
5109
1441
3787
1381
556
7601
9475
7348
6592
6615
4334
105
2664
6808
9296
7275
45
4150
6884
7209
582
9233
6972
9756
943
6094
2738
8723
19
3911
7717
4275
654
5538
8540
4825
2558
5023
6889
6386
371
3474
2901
2346
6709
658
8731
1181
6531
6641
4
4187
6352
1115
9127
1979
7586
9115
8843
7937
5012
2831
4482
3522
4804
6020
9479
5535
5881
6082
1109
1720
9050
6381
193
2186
2854
8056
8063
7447
8631
3823
9706
6859
5081
6146
4264
492
7602
5066
5046
7483
6909
4243
3538
9032
1776
1022
6891
5539
8445
987
6180
4399
7138
810
6436
7682
9685
6907
4637
5330
2650
1402
42
7115
2898
3734
1869
9987
5697
5883
9290
5632
6325
5537
7701
8655
7211
2707
81
6896
4449
2460
7239
6551
3008
974
3174
2852
6611
7445
220
1984
155
6807
6782
8306
9629
4169
8089
5585
8789
753
9089
5030
649
1831
8883
1194
1485
4440
1685
3255
6680
8278
8473
6423
7923
908
3465
8130
7869
1568
6793
7319
9538
8132
8800
4034
6764
8764
262
9193
6156
8817
4009
2993
214
7938
9865
8819
6928
491
6258
8302
7517
351
8938
8535
8041
3007
9086
4306
7690
8832
1631
9978
2230
6322
6234
4290
7615
7718
5331
1736
5119
265
7464
9523
6617
7753
2416
8486
5100
9019
4003
6360
8210
5341
4174
5104
7251
8794
837
9701
1469
6057
976
8548
6999
9583
3198
3113
5366
6309
6500
2413
4249
360
6151
6697
3132
9732
6075
4943
7474
1013
3664
2261
6283
3774
37
294
5492
7662
1458
6664
1758
1525
8551
2281
1042
2256
2275
4958
6375
8704
2782
7383
7212
1363
3003
3773
8837
5002
5077
7998
4687
5166
3130
7188
1179
6582
6642
391
6983
9044
933
4608
9361
8398
3942
5321
8869
6104
7305
7054
7954
4074
2487
23
5258
4131
6133
9977
8057
3783
8024
7317
9522
2174
4041
5171
3248
6014
5902
5686
4907
3524
4897
3784
7221
6955
6586
9460
1781
2879
2662
5773
7206
3241
9544
880
4531
8654
3065
2751
648
3478
205
173
553
1093
6867
2176
2778
409
1487
3829
2408
9267
6811
7359
8264
2209
2816
3656
3468
5879
3532
8261
5279
5487
6312
7713
8522
6993
3239
862
8863
1321
8765
8440
1671
2838
6032
5945
7011
6353
9860
6492
8191
3736
5643
623
7146
7227
5874
6048
4122
9438
7157
8331
4012
8621
4435
1440
8158
120
7764
3164
9643
1171
32
1597
9532
1862
722
2708
9346
2644
3220
332
9893
7883
295
5344
3227
374
5230
7927
3848
9827
7888
8626
1314
9376
4443
9545
7693
7627
1624
8681
1999
5283
7059
4777
3298
1639
5299
1832
5723
8855
9079
9560
9433
4834
5927
6172
2880
926
1732
9303
3401
3644
4849
6235
8484
2638
3953
8598
6262
2836
4595
4763
7272
6368
1016
2132
6801
1313
3924
1544
9727
434
2449
8027
4561
9334
9750
9338
1595
1025
2035
8767
2316
9419
1256
8018
6304
3781
7551
420
7399
5775
3048
8176
644
2762
6046
1455
2097
9237
314
8891
9585
5985
302
9822
3205
1637
6210
4234
7196
3726
1935
3151
8195
2903
1052
2671
9215
6713
3136
8161
7805
1156
9142
1950
4308
3766
5930
4928
7583
6369
3402
2953
6570
7535
5734
7892
2055
3730
51
4431
9045
9316
9222
1499
9571
1333
8572
8814
7384
1161
9066
9768
9508
509
2943
9196
1149
2085
5960
9634
8003
7405
8768
6911
7043
4541
9407
2720
3957
3999
2153
7872
6109
7143
9210
71
7788
7468
939
7489
5128
5433
4319
6229
9627
2352
2290
9077
1633
9589
5939
8982
9919
1960
6298
2389
3834
2648
5123
1678
7133
682
469
7980
3292
2916
5746
2191
8361
6509
8091
8608
4255
2128
8682
2930
5520
1494
9317
698
9707
6335
2372
6876
2577
6869
8839
3604
2453
8282
6038
6547
6446
530
7760
2255
1697
222
8000
6098
2971
835
6321
4311
2802
2446
4755
5419
689
8507
1834
2127
8162
3361
9430
7130
5724
3236
2655
1027
4686
6079
1175
3283
4072
5682
6596
1576
5659
9682
2263
2722
9844
3602
6703
7478
2543
7469
8400
7241
7417
7609
9683
2322
7347
840
7065
7570
6405
6885
9773
4223
3181
9392
923
5319
1028
6539
9735
5480
7091
7763
8769
3173
163
8086
3245
7588
5015
5612
9748
4929
1748
9276
5424
8815
341
1909
2757
3667
7502
5120
2299
1518
7290
536
1875
5027
960
1850
7979
7442
7012
4413
203
9592
2748
7814
8994
7292
7247
2992
3487
7258
8153
9976
7942
6705
6184
7842
7953
3463
6932
4987
6616
6095
7482
6270
7659
5631
7986
5641
5833
6699
8109
4522
6974
1844
7994
1268
6105
2512
7301
8336
4296
2089
5223
6568
5554
1489
5379
9623
3200
2942
6809
212
7180
9457
5063
8977
8667
6432
9639
4663
754
643
2317
333
5588
8962
4841
9820
9521
6562
4462
2684
9030
4880
10000
5285
8133
3916
2719
9913
4013
935
4304
5343
8755
1423
2674
196
9924
123
579
9339
3815
7527
9175
3776
1349
8802
175
9624
6578
2739
7655
6769
3846
1602
9564
9366
7237
5197
5227
5246
1651
8783
1809
5153
6821
8927
9953
5616
9166
5909
5856
8364
8393
9604
7866
6091
8773
5812
9946
7799
2567
375
666
8867
9270
1645
1338
5468
9761
9389
6401
5753
334
782
8502
2170
3395
7543
252
4391
586
1442
1731
4285
242
9242
814
8741
3462
9614
1398
6049
540
4519
2017
4154
9609
3509
548
3440
6391
3166
6078
1033
8932
7362
1517
4359
2583
7561
1616
6479
9857
3954
2920
6721
7720
3592
8397
6053
7311
21
431
9509
8316
7487
669
4759
1158
4002
2228
1197
104
8104
4920
6438
6614
5807
8963
1811
8203
5505
6584
3534
4191
9779
8614
2555
1383
4640
65
6787
6746
9816
7926
4140
8517
3824
1649
7945
3046
6274
7914
2040
7773
6975
1056
3061
3162
5254
9918
6635
9672
7195
4405
2544
3982
2068
636
8043
8738
6268
8317
9600
1255
1670
1407
6418
8308
174
7121
7443
143
2497
6583
9023
7073
339
77
6991
7293
3408
9105
5596
7638
253
7667
7028
5864
652
8170
8108
8485
617
1166
3721
5811
7874
1264
8187
3355
6525
4672
9971
9351
6137
1352
5757
7665
7350
5578
6506
9298
9137
482
7542
6518
7382
5618
340
5483
5848
2162
4452
7175
5727
8860
8822
5866
2913
8505
4794
303
7185
4560
5393
2697
9072
5214
3119
6036
9660
5459
9580
7181
581
6413
6498
5238
5338
6018
355
3471
3817
8628
8181
1882
6904
6958
1550
3755
4447
6269
7816
7090
8189
3282
5665
3062
7925
9135
667
6668
3526
3742
4974
6753
3608
1226
2537
2304
1556
3873
3711
9551
3319
3977
2640
798
9786
6637
7183
5069
8530
1863
2641
3807
660
3749
1309
3612
2789
7671
9112
9548
8458
8432
9793
8201
64
6214
524
6277
737
7142
7373
8582
3127
4651
1039
9518
5208
9011
9558
8225
2384
4155
2835
573
1103
5508
1233
8073
5523
3880
3018
513
9052
6558
9711
1150
1356
2483
8046
7087
3340
2546
6910
3071
7284
3507
3234
4005
7915
8760
5707
6154
5450
5294
410
3496
6127
8489
4270
1555
9188
3945
6243
7537
2472
1955
7485
8272
8348
8602
7097
2912
8882
4941
3317
1725
2426
7310
8242
4893
7267
3984
7639
8780
4008
9287
9869
8240
8417
6535
2907
7406
1089
2790
2187
9992
5785
9256
2242
1693
5691
3299
7772
184
5388
2626
3437
6925
1172
5268
7832
1337
7749
1029
8120
7116
7867
6669
9576
5787
7558
1237
4892
7810
8579
4276
4602
2199
8006
79
9216
4099
1757
6477
1477
1138
3098
7796
3346
6870
7991
2103
8894
2954
8791
3120
8937
6905
7245
864
2668
8137
9252
2733
9708
7315
9323
2308
6503
4037
5381
5698
4237
2247
4776
6253
2062
8301
4806
9126
9001
6537
1281
6775
7189
4136
4350
102
9664
5399
2053
1145
158
2098
5954
2670
9138
4240
4963
7849
1601
2716
6636
9140
8107
4816
2531
6978
7931
7015
2436
1716
7268
2541
4741
9900
2079
86
5180
7530
6979
307
5666
7679
1456
9899
3921
6077
166
7971
2216
3418
8587
4609
756
3330
1183
9534
8060
6200
9492
3688
6397
2385
5855
1702
4673
968
9579
98
5931
8524
6039
7728
8375
6848
583
8047
8588
9448
2122
3988
91
4130
8835
9690
5032
5369
7436
2206
4842
7139
1245
6140
1800
625
1586
9202
80
9093
9758
3199
1425
4518
620
9162
3875
3639
8836
424
6585
8776
7204
2815
1088
7283
1837
34
2353
38
4704
3729
8733
3569
7082
1674
6463
2029
6111
7451
7371
7497
804
2229
902
9616
3472
1523
4653
5127
6324
6385
3267
3767
9090
4497
9878
2379
7375
5685
1539
7004
6338
7977
5873
149
2934
5488
5765
7200
2915
2455
806
2824
6280
2141
9425
5460
2160
8503
2654
5733
8734
1234
9354
2440
5141
4664
1294
6834
6984
847
4347
4204
106
6487
4565
2345
8617
7208
1691
1210
6026
9765
1038
129
1240
2161
1711
7630
3439
9185
4418
8186
5761
615
4621
1906
6777
3661
989
3177
9497
6883
4366
2737
4164
5607
5224
317
4742
8674
2876
9151
1142
9874
2039
7544
9098
3927
7298
1930
9386
4700
3094
7095
6609
1714
7606
2602
5573
273
7231
8813
3907
9573
4073
705
9654
7392
1686
8093
9782
2776
3832
5172
7122
3842
8595
4583
7835
8693
9106
161
1988
7136
2736
9428
3156
8094
1762
8560
7853
3082
7843
92
9501
3272
9963
738
4771
1180
5536
4888
1907
4725
736
5124
2307
1706
2484
6219
7769
7161
1096
8750
5060
5860
7887
2163
6632
8568
7807
610
6145
9371
3148
5496
7620
5370
406
794
799
9680
8926
8953
8967
7259
4212
3341
5125
6618
7913
7972
35
3251
3978
7403
7339
6938
5349
1920
408
3520
5339
4401
848
4458
7933
2574
5298
8349
3484
390
8897
7322
9790
1629
9012
8846
5513
3436
2221
5614
1931
7349
1520
5226
8612
5297
9120
1399
8972
1429
8064
1704
2804
2613
8281
1101
8735
2767
4360
8841
6781
1331
3212
3605
9856
4933
3176
1853
3616
8936
6792
1729
7437
9668
7064
7700
9505
6068
7973
3414
8267
5451
100
6902
8497
2032
7389
3831
3086
2000
5291
5905
6362
3756
6816
8707
5041
6662
8465
8207
7672
1117
3044
7862
8454
9853
8165
8893
3539
9605
5845
1067
9934
1993
877
5589
4057
6784
4557
5526
9169
8045
1420
962
9785
7223
6216
8335
3026
7450
5569
6647
9964
1504
9770
5941
6233
3242
5639
7670
8753
1514
1159
6023
4080
4992
7060
9145
3835
9537
7989
3027
8777
574
7263
3490
2403
1380
7159
8426
2744
5452
8845
6863
6828
9879
9996
8390
6488
2813
1452
718
9572
8629
6241
2989
8053
306
9455
3300
9249
9348
3852
1315
4354
8015
57
4715
3521
7786
616
7216
4574
2522
4868
2592
5673
1219
3898
917
5717
11
9952
2775
7030
6336
7471
7242
5580
7750
7048
8547
5668
7541
7803
2071
3254
8329
7529
988
1119
7424
4185
1163
3028
8330
662
7821
7699
6545
5565
5147
1435
4877
1821
2241
6922
5867
2008
8483
7776
8171
3
9041
7901
6087
9467
850
7342
8370
8269
1677
2679
7448
5158
5792
8912
685
6720
6982
4070
6946
478
6868
772
3908
3373
4292
1104
5439
6913
2866
336
3214
1806
2868
315
1878
3913
8601
8258
7924
5058
6561
238
5667
230
2672
6659
6317
1605
9412
195
8652
4421
2469
9379
4310
9651
6731
3015
2783
3448
2759
6384
3845
4611
2381
9608
5606
2906
2234
1090
1063
90
7420
7548
1902
9088
3754
7186
2246
308
1610
2061
7878
7778
4283
7804
2147
1887
6533
9769
3747
1113
6119
4409
8369
8686
9983
507
9269
8957
5971
8268
3114
2036
3354
2501
8148
4253
5993
181
9022
8571
6221
1952
5942
6847
5886
5880
9343
8051
1512
9263
2939
2634
9084
5563
2208
9441
4870
8436
632
8451
6818
362
4256
288
7613
3004
1899
3322
7569
9757
2591
4468
8391
9367
1578
3595
3073
4837
8951
1318
1753
9831
1112
9074
7984
2596
9681
1990
448
9618
557
7962
8410
7279
3444
2527
8049
2482
8996
3841
8931
3053
1253
3525
8770
8102
8081
9823
6409
1222
5427
8959
1244
9641
784
8890
7042
4325
1284
8480
4509
2320
3697
2705
3232
8353
8924
9360
4856
6521
8811
7697
9676
7626
9791
739
9046
5771
9212
6831
8988
9736
2701
1623
7900
3491
4530
9772
8690
4316
7135
4969
2530
1082
9311
5225
670
2565
5301
337
6608
9868
9753
1047
9895
3312
2364
7335
3238
2582
2194
9845
3504
6950
438
4845
9866
2347
9174
5529
2826
2196
4998
9951
6969
8806
7355
4203
2955
8249
4594
9034
2965
5293
8939
2503
4138
1483
9254
124
5936
7550
3461
2849
437
5689
2870
7346
944
1740
1663
9547
1367
9814
604
2197
1766
1218
5017
5132
9365
601
6980
5604
9598
8395
5494
8471
8670
440
7127
8429
3613
6708
263
5989
6261
4902
8238
1552
2886
3321
8034
3591
2188
3089
6412
3943
8594
9633
4607
9021
4277
9997
93
7248
6103
4297
8915
8779
7173
8239
2265
9931
4569
5822
3059
3336
88
4909
6989
4735
8879
3865
7863
6444
8216
3385
9417
614
3158
9764
5142
2788
9383
4079
2396
1358
2944
812
6209
9889
3804
3796
9124
4218
1287
1059
3259
9472
3293
9830
941
5473
7486
3060
4914
5577
7663
6287
3624
6168
5467
5748
5830
9613
9556
5175
157
8968
5794
1563
7441
9984
3343
674
1273
2297
4307
2781
4570
3972
4368
7916
5165
4581
9774
1551
7716
3477
7492
9622
2488
5037
2437
5255
3660
3153
2300
8799
4096
488
2026
9199
9157
9661
2770
6080
1700
6606
1590
1562
5097
1538
4182
9076
5560
4558
5482
8533
9426
4433
2443
1812
5033
630
9260
5972
8974
539
977
8653
9209
8232
9591
3888
7260
1575
2585
2735
7131
3054
4318
1580
3285
5510
803
9891
2467
8355
4973
3906
6334
4251
9632
9798
4910
2124
1680
8202
6073
1872
8703
6924
1970
176
8980
9047
6767
2710
9603
8156
3757
109
7912
4375
6040
6512
3850
3096
9967
7556
8122
3706
896
3498
8660
3622
5878
4061
2960
6690
327
8233
2536
2758
4362
8970
4235
4395
9396
1216
1500
5189
9783
2004
5395
8071
3494
5816
4400
1689
7738
8017
6319
4749
1824
4205
2959
8785
2889
1549
9099
1004
2332
4945
8630
7253
1316
16
8620
961
3399
8722
9687
4762
9606
9932
9828
4639
9356
2584
2456
423
9305
969
8323
6892
5718
4614
6411
7909
9094
3812
8788
9312
33
5121
8021
4102
9325
4721
7140
5826
9848
1291
5084
7041
6481
4852
9262
5750
5177
357
2922
4367
3406
2072
9401
6042
8039
118
564
7508
6718
9789
701
3270
8372
6475
4730
9794
4894
8230
4052
9596
5170
7192
8032
8142
542
6894
6814
9760
8082
2581
2327
7603
9896
8696
8346
3559
817
6576
879
4903
541
1267
9943
2717
1087
9078
6175
4230
1350
4229
7465
2753
8184
4127
6515
2391
2784
8844
3009
7636
1894
6696
774
3892
5428
4925
727
3700
3968
3825
5988
7744
3886
6622
144
7562
6845
1944
5304
5353
2233
4906
3118
5636
5133
2494
7433
6749
1061
3827
1419
6382
2742
3593
9241
1486
3204
6279
1742
1937
1526
8900
450
920
4517
7709
7941
5328
4527
1807
4262
9281
9882
8874
8979
7824
2156
7006
3578
8599
8110
4847
6774
8460
6564
5004
393
7219
9586
8795
5241
234
8683
8399
3349
6736
4227
3066
3635
6652
9388
7729
6992
953
4173
6398
5813
6675
3847
141
8033
603
8921
9230
6389
3894
2084
9723
9719
9659
134
4916
3398
3191
3732
7823
9463
2447
471
5908
9464
8092
4658
2844
8510
4977
7645
769
8664
8761
5509
3481
9807
3553
1126
1176
1668
7332
7813
6256
6898
874
3816
665
1162
1434
6997
921
2155
9073
7466
70
8374
365
2356
9796
2271
7839
6797
6349
3140
8055
8865
9980
9646
3076
1553
6760
3124
7455
6390
9730
9309
6864
7715
2793
110
9981
5613
9067
9595
6759
3590
3271
8424
3374
6227
4798
8717
3049
2559
5739
3929
3685
7782
5624
7894
7976
2987
4385
9113
321
9194
7128
3967
9754
2587
6549
4093
6129
730
3443
5000
7905
457
9574
3133
7407
4016
6141
4254
1723
6275
4710
8250
8790
6897
2046
1618
7266
2658
9939
2685
277
9555
9251
9353
4951
58
5900
6254
4379
2772
201
9945
9149
6465
9861
7318
6621
8408
7708
474
7903
131
4772
544
8861
7833
9224
4257
4095
2811
3112
3992
8347
8792
4795
733
2005
3889
2498
1231
8918
5917
7277
2374
3934
324
9091
952
1561
717
5390
9200
6873
4744
8508
7454
3519
8782
5087
3079
5168
8031
8274
7225
9516
7129
2964
2038
8168
3020
3658
4356
1625
4006
1917
713
3047
8885
4329
8525
1034
4752
8359
6507
4470
3626
6826
2185
4063
8297
8627
4382
5561
7859
6204
8718
9118
6083
5695
9085
5568
2462
2569
5164
9530
4336
3645
8985
2521
2016
3649
967
571
4917
3814
1692
5571
5112
8847
8833
2314
1046
6748
3619
9197
3052
8472
7934
3100
8455
8711
4490
8326
6600
3021
8037
1796
7178
4967
849
8831
1235
7328
7908
2958
7214
2310
9253
5806
7585
3025
8279
5022
9306
4317
9581
937
3686
584
4605
2470
9431
4245
6916
5144
4990
2578
6613
4563
1133
5776
8129
3778
2692
5117
3344
8177
3663
3143
2595
6494
4513
759
6439
8456
6835
7975
5781
4135
6150
9742
6758
638
392
4483
5442
3891
6603
4430
2269
4767
276
3554
4567
78
6874
5458
8088
9234
8407
9940
352
9849
5542
8143
3325
1596
4060
8487
4555
6064
2936
684
286
8538
7525
7343
5432
7936
593
477
5018
504
5248
3213
4783
5548
5628
2895
2371
5051
7895
6803
7553
9265
9843
6930
2982
419
1017
1730
4043
9320
1973
8669
742
5194
8097
1810
4320
7920
441
8022
5470
5498
4195
9054
3960
9402
9677
5527
2150
6301
7081
5549
5278
6575
7236
4282
2727
5196
3142
7721
3879
1298
2833
5036
8787
465
3949
8943
9332
4085
1598
4142
3295
8174
4493
5220
6365
2045
46
702
7960
2050
5642
5038
8154
1961
9468
1108
2535
4756
7719
4863
8286
6931
7356
5425
8728
494
859
8389
5967
955
1652
5521
7205
4453
3748
2021
9746
9666
8105
9489
9923
402
3085
3502
5602
522
9442
3771
8706
2175
922
113
4719
9541
9187
2315
645
8459
8211
7452
3752
2190
8404
7329
8309
8637
8585
9418
47
4171
525
946
5257
4047
2454
1448
5407
6281
646
5831
3489
2009
4793
6303
8219
3628
6123
3364
4106
2533
347
4698
6805
24
1801
4971
2683
9546
3623
4773
5847
8747
8649
4281
2805
502
745
1000
6627
9850
6990
863
7792
9056
721
9842
3744
2432
9372
5758
3338
6276
2328
1515
4349
639
6934
3019
8639
5126
3917
5148
3878
4624
748
5313
5809
7300
7698
7408
9739
8559
7957
3836
8035
9415
9644
5581
444
8036
9990
4022
8488
1497
9177
6755
8714
5814
1581
3042
8466
5050
3168
7072
9880
1919
4934
1230
2289
3426
9826
9333
4123
2741
7918
9363
808
4507
9887
4994
8945
7668
8198
5026
2434
2192
381
5188
7911
3281
9083
5477
8518
1155
7751
4026
6093
1141
2877
3001
6291
7344
1454
3607
8958
4947
2927
4460
7013
8155
5986
180
76
3131
7806
6580
167
4528
1498
101
1409
2528
9004
7800
8325
9506
7880
2096
6693
1322
2604
1698
8113
6181
2111
1675
4953
5973
4867
2598
3923
7840
7370
1754
3154
7069
4288
2319
4843
2250
3788
6107
6706
5559
8010
59
5657
8401
2878
6414
1086
7480
972
2853
9152
5541
2511
1220
8995
2518
8167
521
3941
2030
5793
9881
3548
8984
2099
4768
6441
1948
1032
5852
4996
4051
4331
8877
5982
3170
1915
8762
283
1246
4576
3568
6126
2465
6271
4149
4303
7353
9502
8749
5871
8829
361
7711
6778
3260
655
2630
5079
7285
7565
2896
9108
7890
5317
3390
4981
8492
7083
3695
2475
7969
8808
3820
1202
5363
4946
4415
6100
5752
3643
1085
9877
4738
1777
7974
7226
1304
6744
7141
2819
8553
3286
5952
8592
5430
7363
3676
966
3565
8919
8830
8960
3415
2891
3412
7577
6591
3518
9097
3499
3279
1263
8004
1676
1306
3560
688
1311
8334
5184
9420
5484
2177
4575
7922
5957
3570
8558
1847
9080
5634
4330
5062
9640
3705
5244
1062
1375
2829
9480
1558
9642
8260
3813
8475
7029
1694
641
9128
3715
5005
7022
9636
8807
8079
1132
9139
8276
2444
6770
3246
9928
2910
5594
4732
9049
7297
2619
999
6070
6163
8382
345
1428
7889
9781
4386
8285
5025
3694
1041
6149
1072
8935
9313
211
6035
7440
4031
454
9815
3579
6966
910
8070
7604
5728
2519
8412
5800
9570
2625
5669
7254
9129
5709
177
8565
6920
9667
4648
7080
8172
2272
7649
6489
1431
4546
1648
266
1140
672
3391
2667
6297
7473
8313
1201
3681
9228
8950
2064
9698
8840
1359
2974
869
7740
973
5253
6485
1319
5471
1746
9905
9058
3122
5265
4554
4622
8772
1106
5865
8271
1604
1417
2369
2937
5552
2288
7234
7077
4559
367
6899
1794
3760
8358
6851
5372
5068
3947
3753
5640
9841
9559
1329
1317
552
3167
2113
8166
5277
5738
2785
4429
2438
8288
7891
1207
1826
1392
8544
5670
3537
8437
2570
2725
4831
8009
9780
5114
2392
605
4163
6493
518
981
3045
2660
9525
484
1922
9208
6378
1533
4774
6967
942
7108
6457
1859
8529
9071
5295
9818
7337
7885
9274
387
4525
8221
6326
2843
1254
8478
7904
7120
9500
3105
9495
3423
8881
7790
5228
6295
7783
3144
4035
528
293
2366
8889
1890
4335
5376
7827
4210
2420
6497
3738
7391
1787
3970
8368
7732
7726
9910
3392
5054
7171
6195
1739
9456
3795
8658
4610
2821
5933
9155
2764
6691
4491
732
5803
9150
5859
8131
2257
4457
4162
3603
1121
6579
430
3809
8539
1592
8243
1369
714
8319
9884
461
5540
5716
8687
5823
4111
9016
8511
9703
5449
6203
1064
563
9087
6308
824
2165
5550
4692
2599
2571
3095
741
2554
9788
464
707
7678
3677
3588
9465
5455
9131
651
1208
958
9486
897
4786
9398
7928
9808
4770
8367
9671
202
5925
6225
8067
687
3951
9610
628
1450
297
486
1075
9478
8125
9293
3365
6072
8256
1351
9247
2189
5416
3456
2980
5276
5763
2862
7876
2579
2798
1980
6311
2908
481
5778
1
6084
7919
7608
4103
5271
8023
1444
2227
6825
2249
9399
1703
4814
9749
5923
6943
9378
6121
9347
186
512
8610
5984
261
7416
2102
3900
6538
9236
9839
5398
4811
1559
89
1972
2806
8333
3973
1123
9051
3586
2814
4727
6587
7055
8504
1278
2321
4242
6794
9716
6499
9437
9341
5522
5968
8229
919
7704
4714
6166
3874
7313
1650
3799
5627
2086
4088
3495
6116
5605
7747
9453
3315
3358
6953
918
9745
3682
6059
310
854
2235
4875
4506
2786
6231
6765
2607
5876
1819
4110
3965
9803
2207
9855
117
2048
3800
8552
9205
3505
1855
4480
8315
8675
9912
831
5310
1080
3476
8798
9657
7202
1921
8848
7948
285
3870
533
2351
7402
1384
9024
9148
9473
4090
8578
5506
8909
8778
2556
6917
7555
4036
3946
1495
5134
1341
5138
8396
7793
9539
4984
3859
8350
7756
8477
4938
4126
7746
5412
2845
1579
1805
4821
4731
3544
7114
4586
5617
3041
4654
1009
5383
3219
2323
2887
2394
8415
313
6595
4918
6676
7027
7572
8801
1460
9421
2471
2547
8199
1840
6359
6602
3029
3885
4082
661
400
9832
5914
5992
820
3792
4887
3646
5708
1422
895
5593
3141
1607
9684
2990
5595
6069
194
8902
6282
7695
150
7797
1070
7978
8607
8997
8824
7755
9908
4231
7174
466
7163
3185
5932
3467
5690
7724
3785
127
3675
7985
3642
1524
6240
5948
3087
9053
928
4632
4089
9223
6937
1127
6118
9246
1036
2973
3803
9335
2657
5438
4813
5872
5352
5327
9947
9797
2076
3482
6861
532
6403
6110
8403
3202
1621
959
8868
6124
6474
4823
2028
6674
9292
2872
5111
1936
3384
2957
3678
2171
5935
4019
1991
800
1838
5944
5853
1484
8917
4956
4121
4790
938
370
9744
7033
6377
519
9625
7393
8633
7045
328
2847
7864
188
602
6813
9214
5795
9907
8903
3975
8646
6454
499
1365
5275
4802
9037
547
9310
7051
1078
7005
299
6855
5629
7354
5261
7547
8586
3797
1374
7607
2106
6206
5650
3601
6364
114
929
7270
8677
4529
9755
2663
8766
7230
9314
1332
1554
9206
5190
7723
5377
5656
7109
2285
4351
4937
4791
4160
3791
770
7658
9948
5882
1981
1734
6754
1974
4014
6839
6085
8387
6292
6288
4838
5600
2181
2746
8759
1507
7836
8720
4250
6750
384
1344
5711
2404
8149
9445
40
4982
41
590
9027
6420
9741
2652
1570
8887
5815
1788
3843
7510
9273
6879
8499
1388
7621
3683
6556
4889
1744
9619
4233
4644
6815
9390
6626
6393
6550
3540
4901
1169
1611
3741
899
2463
2452
8700
312
2694
4661
2105
456
886
7754
6505
4455
916
8144
2714
7429
3630
4668
2382
7789
3078
8716
9933
4238
8613
6157
6208
5181
6534
8692
2666
8695
9875
7076
4376
8852
9109
7582
7574
3922
5841
1327
3618
6379
2116
4196
1774
5928
4754
5983
6915
7415
94
7093
936
1114
9982
8065
5712
5857
3211
5288
7282
6213
5904
4948
7299
6841
9414
6174
2752
7105
3030
5829
6673
7817
3802
9549
3040
6443
3610
6846
5191
7981
3872
8803
1724
9462
7846
8542
9110
7955
6812
1360
5547
3209
8752
4280
6502
1942
9232
3345
4720
2157
5314
9957
4904
2509
7870
3360
6605
9025
813
7314
1427
1198
1015
1396
8676
6143
2215
549
1608
1076
9800
1839
9762
1472
1336
3074
7325
4881
9159
1257
6125
1348
9358
3277
1105
7534
7675
3262
3672
2092
2631
8152
7074
762
1783
6333
3866
6002
1054
6856
9280
2178
7847
3666
2387
9068
6012
9568
6810
526
4562
8251
3986
4618
5014
4627
6222
558
225
1137
7494
5907
5137
6638
1346
115
1136
4341
7418
4671
366
1185
7907
4408
1572
6067
2399
4471
4327
4059
1157
1687
1044
8337
447
1569
2373
3305
2210
6648
788
3043
7564
3250
7706
4446
4647
4042
2949
9423
8537
9550
5217
608
6445
5446
3587
9308
4986
8643
4502
7656
1020
1024
7336
2732
3442
2545
7009
4924
5073
1368
1371
2983
3904
1755
4516
7388
8075
7153
2214
1784
4582
1188
7218
2019
4416
3328
8976
5862
3313
9394
5232
1249
6246
2034
7736
8461
3307
7560
3564
412
3197
7438
4279
2490
6536
4549
6788
4044
3899
515
8812
501
6554
6959
5966
9227
2123
4050
9213
2504
5019
2224
9986
468
4962
5868
8781
3194
3188
9705
4464
9104
3698
5325
1923
3224
9020
2777
1861
6136
7177
2827
4383
3723
4695
4617
2839
7333
2370
9447
335
169
3051
6610
5385
823
7162
20
4147
5286
1722
3263
3310
4728
2493
1761
2430
7748
2476
4116
4553
1593
2523
3160
5335
4792
1574
1391
7879
5095
7860
1007
2291
3022
1622
3877
8567
5421
4424
316
9125
133
4414
7828
6371
7019
7815
2450
1439
726
1122
6404
3562
1829
9837
9002
9637
8901
5078
7495
9775
7294
7016
3278
2393
8647